Iteracion 0
Calculando P
1/671
Get T
Get WT
T_WT
T_WT_Q
Q_trans_WT
Q_trans_WT_Q
[100,100]((1.86156,0.000285732,-0.000170199,0.000121104,0.000235348,0.000401353,-0.000216827,-0.000183164,5.41306e-05,2.77277e-05,-0.000652505,4.05186e-05,-0.000651785,0.000360012,-0.000138333,0.000224605,-0.000286168,0.000545182,0.000181929,0.000891029,0.000333408,0.000346468,-7.47335e-05,-0.000216106,0.000355771,-0.000182167,4.58164e-05,0.000743998,-0.000578755,-0.000759007,-0.00122996,-0.000448715,0.000148936,0.000334273,0.000666883,0.000268794,-4.60986e-05,-2.01028e-05,0.000409608,0.000514367,-0.000439,-1.64104e-05,2.79935e-05,-0.000269535,-0.000149346,0.000124193,0.000856781,-0.000211211,-3.43247e-05,0.000294619,0.000936349,0.000826015,0.00081706,0.000352076,0.000494838,-0.000317785,0.000329646,0.00121327,0.000336773,-0.000406731,0.000186644,0.000318252,0.000573869,2.88193e-05,-0.000110494,0.000611044,-0.000960315,-0.000165292,0.000173689,-1.62947e-05,0.000176441,-0.000134608,-0.000674046,-0.000721182,0.000342167,-0.000198154,0.000358758,1.33525e-05,-4.91311e-06,-0.000248106,-0.000343027,0.000191521,5.53313e-06,0.000167147,0.000195591,-0.000153167,-0.000192385,-0.000312049,0.000683799,-0.00023971,-0.000134069,-2.78385e-05,0.000424133,7.2344e-05,0.000248234,-3.87064e-05,0.000583275,-0.000506259,-0.0004351,0.000301003),(0.000285732,1.86343,0.000901693,-0.000752116,-0.000194792,-0.000586887,0.000868115,-0.00044757,-0.000372097,-0.000199004,-0.000512004,0.000609381,0.000226676,0.00034948,-0.00135948,-6.38651e-05,0.000296691,0.00116907,-0.000231831,-0.000427538,-6.09789e-05,-0.000142675,1.30708e-05,0.000655753,0.000541139,-0.000395196,-0.00062146,-0.000197621,0.000101387,-0.000592126,-0.000989353,-0.00128821,-0.000302518,-0.000809941,-0.00120049,0.0001845,-0.000121405,-0.000762263,0.000284251,0.000503527,0.000169431,0.000234347,-0.000554647,1.0765e-05,-0.000533967,-0.000619224,-0.000691045,0.000134809,0.000164436,-0.00114254,0.000597472,0.000743992,-0.000515478,-9.14221e-05,0.000718237,-0.000242202,0.000246133,0.000852173,0.000386345,0.000928339,-9.95675e-05,0.000998007,0.000505796,-3.67038e-05,0.00062252,-0.000562256,0.000498631,0.000159219,0.000320487,-7.82764e-05,0.000596774,0.000131656,0.000841053,3.55659e-05,-0.000343568,0.000274526,0.00100631,0.000605994,0.000992124,0.000178237,0.000655031,-0.00010492,6.48176e-05,-0.000443009,0.000662256,-7.94345e-05,-0.00049137,0.00124336,0.000191092,0.000407902,-0.000654082,0.000543118,0.000480581,0.00038603,-0.000666992,-0.000619498,5.50213e-05,0.000130034,-0.000355283,-0.00144091),(-0.000170199,0.000901693,1.86152,-0.000691218,-0.000304747,0.000342101,-7.89297e-05,0.000202415,1.64296e-05,-5.19818e-05,0.000213315,0.000587059,0.000383006,-0.000334247,3.45068e-05,-0.000107643,-0.000228715,0.0005609,-0.000203773,-0.00054475,0.000547688,-0.00010242,-9.43926e-05,3.36917e-05,6.75555e-05,-8.67885e-05,-0.000262016,-0.000812079,-0.000142532,0.000157567,-0.000409266,-0.000359963,8.89989e-05,-0.00022334,-0.000585427,-0.000426182,0.000212374,-0.00018854,0.000305721,0.000257483,0.000144712,0.000390653,-0.000221411,0.00010338,0.00022018,-0.000370574,-0.000370499,0.000105722,0.000415908,-0.00109356,-0.000176458,0.000192496,-0.000902867,-0.000539496,-0.000367519,-0.000208923,0.000192626,0.000288999,-0.000331448,0.00042256,-0.000327074,-9.41939e-05,0.000236306,-6.21841e-05,0.000290402,-0.000627923,0.000448327,-0.000165895,0.000152281,-0.000708902,0.00012165,0.000322882,-5.6592e-05,0.000422397,-0.000409634,-1.17155e-05,-7.33096e-05,-3.18077e-05,0.000291252,0.000584157,0.000273866,-0.000272624,-0.000145337,2.30488e-06,0.000376621,0.000494057,-8.18564e-05,0.000575484,-0.000138852,0.000257725,-0.000428302,1.42356e-05,0.000275956,-0.000147805,-0.000284885,-0.000265338,-0.000419156,0.000208908,-0.000406256,-0.000236013),(0.000121104,-0.000752116,-0.000691218,1.86169,8.4554e-05,4.13543e-05,0.000401887,-0.00014585,-7.5732e-05,0.000388507,0.000332482,-0.000486125,-0.00117999,3.09344e-05,0.000254746,0.00065385,0.000102805,-5.03447e-06,0.000338028,0.000556292,-0.000353137,-0.000786754,-5.87699e-05,-0.000491977,-0.000195879,0.000309493,-0.000127953,-0.000144484,-0.000224324,0.000319803,0.000372873,-0.000123511,0.000156727,-4.1066e-05,0.00105298,0.000383243,1.38382e-05,-2.82748e-05,0.000192092,0.000214476,-0.000144953,0.000284651,0.000822246,0.000241519,-0.000436921,-0.000731541,0.000486474,0.000489045,4.4823e-05,0.00130185,-0.000402149,-0.000661608,0.000240701,-0.000205396,-0.000176052,-0.000307759,0.000182471,-0.00052841,0.000137717,-0.000331486,0.000239996,-0.000763416,1.02374e-05,0.000112548,-0.000141514,0.00108587,-0.000790545,0.000335375,-0.000555815,0.000442761,-0.000372487,-6.32959e-05,-0.000660068,-0.000915188,0.000532718,-4.22391e-05,-0.000300021,-0.000238239,-0.000271444,-0.000570788,-0.000235497,1.98172e-05,-9.93149e-05,-0.000486776,-0.00041606,-0.000116545,0.000308223,-0.000296758,-3.65392e-05,-0.000694622,3.41712e-05,-0.000155589,-0.000694421,0.000693948,0.000605853,0.000572848,-0.000771265,-6.15689e-05,0.000153794,0.000110417),(0.000235348,-0.000194792,-0.000304747,8.4554e-05,1.86126,-0.000519185,0.000401855,-2.3106e-05,0.000530258,0.000255277,-0.000302803,-0.000528256,0.00021287,0.000600073,0.00045211,0.000180956,0.000208496,-0.00063142,0.000257422,7.13357e-06,3.07433e-05,0.000267884,-0.000636162,0.00022764,0.00028821,0.000257035,-0.000350077,0.000210415,0.000687353,-0.000554281,0.000661878,-0.000304437,-0.00026746,0.000444934,0.000821291,-8.90308e-05,-0.000394562,0.000143951,-5.4895e-05,0.000278383,-0.00035361,-0.000350829,0.000617786,-0.000117891,0.000258712,0.000390032,-0.000288603,0.000310597,-0.000734437,-1.31823e-05,0.000257699,-0.000457114,0.000318694,8.05724e-05,0.00030424,0.000186861,0.000106804,4.22382e-05,0.000226045,-0.000136579,0.000333517,0.000289633,1.99985e-05,-6.53752e-05,0.000651238,0.000479597,8.97063e-05,9.60459e-05,0.000263418,3.28065e-05,-0.000292996,0.000335892,-0.000139668,-0.000587898,-0.000123789,-0.000517303,-0.000130515,-0.000583024,-0.000298569,-0.000313515,0.000122687,0.000388167,0.000267097,-0.000225376,-0.000105064,0.000267027,-0.000116346,-2.60295e-06,8.57592e-05,4.91256e-06,-0.000469817,0.000429351,-0.000153583,-0.000155356,0.000363202,0.000330151,-0.000512059,0.000618248,-8.09814e-05,0.000369659),(0.000401353,-0.000586887,0.000342101,4.13543e-05,-0.000519185,1.86277,0.000168451,0.000483312,-7.45557e-06,-0.000256975,-0.000161283,-0.00037698,-0.000773298,-0.00070892,2.05885e-06,-0.000560123,-0.000127052,0.000428889,-3.56278e-05,0.000596477,0.00047688,0.000473199,0.000922865,0.000555758,0.000289145,5.48219e-05,0.000727007,0.000117116,-0.000433879,-0.000341702,-0.00110101,-2.57699e-06,3.46912e-06,0.000778577,7.317e-05,-0.000312972,0.000457593,0.000275528,0.000185115,-0.000322623,0.000103784,0.000791843,-0.000324416,-0.000134569,0.000426321,-0.000523694,4.37395e-05,0.000416153,0.000427566,5.58658e-05,-0.000365587,-0.000142866,0.000265051,0.000335539,-0.00036113,-0.00043458,0.000333923,0.000121785,-0.000775799,-0.000181397,-0.0011644,-1.60418e-05,0.000370772,0.000455488,-0.000726826,0.000849165,-0.00074479,-0.000571383,0.000598818,-0.000721415,0.000808728,-0.00132657,0.000504503,0.000437082,6.7838e-05,0.000274193,0.000290567,-4.88935e-05,0.000127583,-0.000364014,0.00094731,0.000720783,9.27287e-05,-0.000179347,-0.000355022,-0.000633648,0.000175894,-2.09818e-05,-0.000502955,8.85931e-05,-0.000405135,-8.41269e-05,-0.000466352,-0.000827139,-0.000642907,0.000934075,0.000477631,-0.00149032,0.000891138,0.000117141),(-0.000216827,0.000868115,-7.89297e-05,0.000401887,0.000401855,0.000168451,1.8624,0.000474131,-0.000269993,-9.34768e-05,-0.000266198,-0.000425119,0.000149228,0.000391672,-0.000339036,2.13109e-05,0.000798596,0.00071556,-0.000315956,0.000290718,-0.000811823,0.00072478,0.000605161,0.000678305,0.000944245,-0.000187141,0.00055741,-0.000129359,0.000771584,-0.000655737,8.242e-05,-0.000322548,-0.00154407,-0.000148318,-0.000268488,-0.000885566,-0.000587798,-0.000253422,-9.97235e-05,3.51661e-05,3.38185e-05,0.000493966,-0.000486139,-0.000116636,-3.16272e-06,-0.00059692,-0.000638802,0.000217754,-5.55832e-05,-0.000204608,0.000543912,-0.000745773,-0.000167984,-0.000313371,8.7312e-05,-0.000676945,-0.000211872,-0.000604239,-0.000136485,0.000339819,-0.000136478,0.000415102,0.000310569,0.000618186,0.000232108,0.00052803,3.28266e-05,-0.000103042,0.000396951,-0.000190349,0.0006511,0.000224973,0.000977582,-1.27498e-05,0.000510791,0.000290821,-0.000703345,-4.60235e-05,0.000299853,-0.000343659,0.000791743,0.000741846,0.000635904,-0.000728431,0.000132051,6.33804e-05,-0.000279594,0.000914136,-0.000194578,0.000271023,-0.00059265,6.76563e-05,-0.00040522,8.07543e-05,-0.000817767,0.00033966,-0.00035237,0.000602322,-0.000253861,0.000352894),(-0.000183164,-0.00044757,0.000202415,-0.00014585,-2.3106e-05,0.000483312,0.000474131,1.86096,-0.000129677,-0.000263968,0.000195005,-0.000240587,-0.000109249,0.000380732,0.000214471,-0.000138382,-0.000478977,-0.000311966,-0.000758293,0.000219089,-0.00016474,0.000214093,0.000166339,-0.000207628,0.00018429,0.00018748,0.000554388,-0.000407863,-0.000118695,2.05113e-05,9.57938e-05,0.000141017,-0.000137395,8.90364e-05,-0.000272432,-0.000630289,-0.000113515,0.000217427,-0.000124399,-0.000135928,0.000665847,0.000514935,-0.000217483,-1.85817e-05,0.000510461,-0.000584222,0.000105117,0.000173858,0.000217089,-0.000222649,0.000137913,1.3803e-05,-6.12302e-05,-0.000571036,-0.000115322,-0.000440976,6.71143e-06,-0.000440086,-2.39553e-05,-1.52235e-05,-0.000286813,0.0004133,-0.000150283,0.000335989,-0.000384193,-0.000216868,7.55918e-05,-0.000163412,0.000233333,-0.000147096,0.000319451,0.00041709,0.000606598,0.000393626,-3.42502e-05,0.000188845,-0.00048434,3.76195e-05,-0.000318345,0.000308594,0.000600186,0.000483313,0.00043155,0.000334102,-0.000122184,-0.000326133,-0.000145356,0.000245291,-0.00021363,-0.00028411,-0.00012589,-0.000523395,-6.379e-05,-0.000209524,-0.000269059,-0.000106549,0.000458477,-0.000282158,-4.91099e-06,0.000547876),(5.41306e-05,-0.000372097,1.64296e-05,-7.5732e-05,0.000530258,-7.45557e-06,-0.000269993,-0.000129677,1.86089,0.000156265,-0.000359015,-5.41571e-06,-0.000228301,0.000181826,0.000235442,-0.000205982,-0.000122405,-0.000572785,0.000374848,5.36318e-05,0.000231764,-0.000234656,-0.000528443,0.000341383,0.000227053,-0.00019465,8.13532e-05,-0.000318372,0.000499822,-0.000298659,0.000697817,-8.70687e-05,0.000423329,0.000642213,0.00051271,-1.85772e-05,-0.000260332,-6.92765e-05,0.000187487,-2.85998e-05,-0.000274391,-0.000148068,0.000112009,-0.000585126,0.000320269,7.78623e-06,-0.000249479,0.000102188,-0.000270517,3.63602e-05,-0.000269624,-0.000733893,-3.7743e-05,0.00015124,-7.2971e-05,0.000186958,0.00021605,0.000186135,-6.8346e-05,4.21758e-05,-2.50028e-05,-0.0004957,-0.000127617,-0.000243662,0.00051005,0.000301864,0.000708035,0.00030477,-0.000121644,-0.000465213,-0.000100479,9.37386e-05,-9.64726e-05,-0.000757756,-0.000245101,-8.05159e-05,-0.000314531,-0.000247532,-0.000756655,-5.69866e-05,-0.000335636,-3.31136e-05,-0.000126439,-0.000284616,4.88344e-05,0.000533634,0.000300268,-0.000111942,4.09852e-06,0.000211873,-0.000232402,0.000452178,-0.000551031,-0.000140746,0.000394952,7.68623e-06,-0.000403487,0.000185385,8.13724e-05,0.000407545),(2.77277e-05,-0.000199004,-5.19818e-05,0.000388507,0.000255277,-0.000256975,-9.34768e-05,-0.000263968,0.000156265,1.86261,0.000452276,0.000290081,-0.00173787,-0.000451172,0.000968123,0.000457456,-0.000581085,-0.000691762,-3.20419e-05,-0.000782075,-0.000271675,-2.72708e-06,0.0012294,0.000497569,-5.32024e-06,-0.000250333,-0.000478479,-0.000179123,7.3483e-05,-0.000371059,0.000884251,-0.000399166,-0.000306293,-0.000436962,0.000117864,0.000414533,-0.000522908,-0.000532639,0.000504417,-0.000318686,0.000135781,-0.000506076,7.77176e-05,-0.000438415,0.000210445,-0.000548847,-0.000852627,0.000428609,-0.00024697,0.000612227,-0.0004885,0.000359002,-0.000492602,-0.000724506,-0.000603106,-0.00047079,-0.000175719,0.000288006,-0.000214903,0.000342618,0.000317686,0.000700231,-0.000697675,0.000359718,0.000751803,-6.89029e-05,0.000308682,-0.000345618,-0.000790008,0.00037356,0.000238263,-0.000224085,-0.00137645,-0.000201615,-0.000233264,0.000348609,-0.000231637,2.15991e-05,0.0002796,-0.00134363,-0.000157443,0.000524645,-0.000831544,0.000358275,-0.00019648,0.00134603,-0.000349247,0.000147125,-0.00132958,0.000449208,-0.000159869,6.07988e-06,-0.000194156,-0.000124275,0.000137185,0.000393869,-0.000298282,-0.000488234,-0.000223669,-0.00036987),(-0.000652505,-0.000512004,0.000213315,0.000332482,-0.000302803,-0.000161283,-0.000266198,0.000195005,-0.000359015,0.000452276,1.86087,-0.000105155,-0.000160075,4.82492e-05,0.000620008,0.000285538,-0.000229506,-0.000145308,-0.00013898,-0.000555294,-7.77696e-05,-0.000363782,0.00021097,-0.000555746,-0.000694001,0.000439551,-0.000195447,-0.000601431,-0.000211584,0.000656378,0.000391942,2.18501e-05,-1.76603e-05,-0.000851572,-0.000197395,0.000588081,-0.000118214,-0.000277615,-6.70972e-05,-2.57008e-05,0.000309337,-3.93448e-05,0.000533724,-0.000141067,-0.000217179,-0.000567457,-0.000378687,0.000203579,0.00028407,0.000163051,-0.000536407,0.00033428,-0.000426801,-0.000689347,-0.000617618,9.03541e-08,-9.14597e-05,-0.000386093,-0.000127272,-0.000223945,0.000135802,-9.98062e-05,-0.000622131,0.000125462,-4.32007e-05,-0.000367314,8.99843e-05,-0.000283106,-0.000491935,7.3866e-05,-0.000250224,0.000330416,-0.000485625,0.000550162,5.81933e-05,-0.000281935,-2.63136e-05,-0.000285805,9.24421e-05,0.000273925,0.000273919,1.21594e-05,-0.000212534,0.000159633,-0.00040903,-1.7406e-05,-0.000127448,-0.000116454,-0.000582618,-0.000130092,0.00019028,-6.61379e-05,-0.00035104,-0.000424822,0.000325466,9.33886e-05,-0.000261279,0.000143301,2.86523e-05,-8.41541e-05),(4.05186e-05,0.000609381,0.000587059,-0.000486125,-0.000528256,-0.00037698,-0.000425119,-0.000240587,-5.41571e-06,0.000290081,-0.000105155,1.8614,-7.23281e-06,-0.0005144,-0.000179017,-0.000298566,-0.000406522,0.000369333,0.000341517,-0.000477777,0.000328004,-0.000486986,0.000221051,-0.000117404,6.54651e-05,-0.000537167,-0.000268769,-0.000333879,-4.11342e-05,0.000322674,0.000294447,8.03847e-05,0.000416255,2.57497e-05,-0.000619815,0.000286398,0.000562183,-0.000702569,0.000217153,-0.000117345,-0.000203642,-0.000294631,-0.000670884,0.000280334,0.000511831,0.000267104,0.000404063,-0.000245697,0.000409386,-0.000359058,-0.000364703,0.000242799,-0.0004618,-0.000311833,1.17252e-05,5.80737e-05,-3.42106e-05,-8.05227e-05,0.000207569,6.51991e-05,-0.000252272,0.000308217,1.54913e-05,1.34588e-05,-9.82648e-05,-0.000404614,0.000222042,0.000279313,8.91915e-05,0.000268918,-4.75859e-05,0.000392568,-0.000399696,2.41567e-05,-0.000119884,0.000370821,0.00059589,0.000493636,0.000611458,0.00027032,-0.000845068,-0.000813238,-0.00057843,0.000110826,0.000808293,9.38688e-05,-0.000290626,0.000351677,6.37962e-05,0.000381268,0.000383934,0.000245943,0.000670221,0.000263437,8.29367e-05,-0.000493243,0.000486695,4.3443e-05,-0.00025787,-0.000663491),(-0.000651785,0.000226676,0.000383006,-0.00117999,0.00021287,-0.000773298,0.000149228,-0.000109249,-0.000228301,-0.00173787,-0.000160075,-7.23281e-06,1.86279,0.000112544,-0.000139385,-0.000454552,0.000856817,0.000833774,-9.11282e-05,-0.000274696,9.44961e-05,0.00080192,-0.00132346,0.000217752,-0.000192519,0.000417004,-0.000142451,0.00047753,0.000394782,-4.51099e-05,4.33315e-05,0.00062453,-0.000377444,0.000207289,-0.000769291,-0.000380115,0.000461843,0.000389669,-0.000534298,0.000614396,-0.000319104,-0.000550456,-0.000231023,0.000638838,-0.000208434,0.00150717,-9.4026e-05,-0.000589443,-0.000295156,-0.00124299,0.000412972,-0.000369564,-0.000256519,0.000513932,-3.29806e-05,0.000867273,-0.000260988,-0.000269104,-0.000335061,9.94711e-05,8.27207e-05,-0.000347445,0.000482223,-7.66082e-05,2.71245e-06,-0.000693452,0.000462862,8.0709e-06,0.000597032,0.000168973,-0.000701099,0.000582104,0.000877042,0.00093061,-0.000213821,-0.000488512,-0.00031716,-9.25487e-05,2.74197e-05,0.00147677,0.000198649,-0.000271731,0.000747317,8.95602e-05,-2.09404e-05,-0.000347067,-4.43627e-05,0.000256009,0.000749085,9.26157e-05,1.71424e-05,0.000127917,0.000665474,-6.25203e-05,-0.000390905,-0.000448114,4.51146e-05,0.00146371,-0.000147172,0.000295862),(0.000360012,0.00034948,-0.000334247,3.09344e-05,0.000600073,-0.00070892,0.000391672,0.000380732,0.000181826,-0.000451172,4.82492e-05,-0.0005144,0.000112544,1.86181,3.20179e-05,-5.35941e-05,0.000258445,-9.29876e-05,0.00016505,0.000598209,-0.00043319,0.000475601,-0.000792344,-0.000428637,-0.0001524,8.38949e-05,0.000103798,-0.000360424,-9.14366e-06,-0.000468235,0.000372127,-0.000751156,1.88413e-07,-0.000201306,0.000251874,0.000167189,-0.000710348,-0.000296361,-0.000288468,0.000682745,0.000290755,-0.000273334,0.000587767,-0.000898328,-0.000334472,-0.000593095,-0.000336132,0.000164117,2.6543e-05,-0.000275789,0.00102409,0.000700937,7.62082e-05,-0.000562753,0.000541111,-0.000300377,0.000177058,0.000268119,0.000707535,-0.000425621,0.000110429,0.000445587,-0.000575768,-6.45925e-05,0.000326193,-0.000198872,0.000208065,-0.000178877,0.000244111,3.06793e-05,5.12359e-05,0.00102257,0.0001127,-0.000254957,9.62042e-05,-0.000277536,-0.000204422,-0.000181174,-0.000544953,0.000677982,0.000683815,0.000365761,0.000151191,0.000445804,-0.000126137,-0.000515093,-0.000350774,0.000137035,0.000350177,-8.07797e-05,-0.000274745,0.00014472,-0.0001655,-0.000686937,0.000742646,-0.000588471,0.000305677,0.000351982,-0.000375142,0.000527428),(-0.000138333,-0.00135948,3.45068e-05,0.000254746,0.00045211,2.05885e-06,-0.000339036,0.000214471,0.000235442,0.000968123,0.000620008,-0.000179017,-0.000139385,3.20179e-05,1.86146,0.000345836,-0.00070407,-0.000335714,-0.000284056,-0.000302791,0.000115287,0.0005204,-0.000206259,6.30033e-05,-0.000558463,0.000175391,-0.000139957,-0.000300094,0.000145315,-1.27158e-05,0.000641554,0.000284384,4.30487e-06,9.8975e-05,0.000258838,0.00020104,-6.98072e-05,-1.72677e-05,0.000215643,0.000304745,-1.14683e-05,-0.000723555,0.000393041,-9.36993e-05,-2.48127e-05,6.18927e-05,-0.000448005,0.000437143,-0.000298155,0.000526306,-0.0004634,-0.000355807,-0.000546576,-0.000212461,-0.000763572,-0.000189216,-0.000151348,-6.98296e-05,-0.000559484,-0.000222381,-6.30805e-05,-0.000272733,-0.000295678,0.000347413,0.000132181,-0.000154818,1.71419e-05,-4.91015e-05,-0.000175128,8.92308e-05,-0.000449709,0.000214843,-0.000973759,0.000117478,-0.000120693,-0.000164419,-0.000648599,-0.000447289,-0.00021369,0.000117928,-6.7058e-05,0.000487921,1.8024e-06,0.000436105,-0.0002796,0.000317117,-0.000151717,-0.000233116,-0.000453455,-0.000217518,-0.000221378,-0.000199127,-0.000562004,-0.000374326,0.000510703,0.000155589,-0.000452124,0.000338722,-0.000259944,0.000482173),(0.000224605,-6.38651e-05,-0.000107643,0.00065385,0.000180956,-0.000560123,2.13109e-05,-0.000138382,-0.000205982,0.000457456,0.000285538,-0.000298566,-0.000454552,-5.35941e-05,0.000345836,1.86084,-0.000421997,2.91862e-05,-0.000270127,-0.000214709,-4.84986e-05,-0.000339684,-6.27662e-05,-0.000446414,-0.000103247,0.000238817,-0.000210534,0.000247955,-5.17509e-05,0.000418524,-0.00046011,-2.42728e-05,-0.0001263,-0.000504335,0.000642582,0.000153612,-0.000289318,-0.000131674,3.04943e-05,0.000220127,-0.000276723,0.00019716,0.000403255,0.000166921,-0.000547142,0.000250121,1.08637e-06,0.000168167,-0.000225014,0.000827127,-0.000212703,9.27794e-05,0.000289934,0.000130029,-0.000119175,-0.000320037,-0.000274421,0.000127479,0.000130884,0.000138608,0.000371175,-0.000395102,7.58075e-05,-0.000185742,5.4068e-05,0.000461339,-0.000399331,6.04303e-05,-0.00052579,-4.69504e-05,-0.000108302,0.00017866,-0.000507051,-0.000413507,0.000361191,-0.000205443,-0.000137923,-5.89202e-05,5.49253e-05,-0.000252488,-0.000232048,3.54403e-05,0.00013928,-0.000317046,7.21023e-05,0.000168565,4.85439e-05,0.00013031,0.000129295,-0.000507955,8.61731e-05,2.22421e-05,-0.000338489,0.000556292,0.000348672,-0.000302232,-0.000636223,0.000399038,-0.000531916,8.35411e-05),(-0.000286168,0.000296691,-0.000228715,0.000102805,0.000208496,-0.000127052,0.000798596,-0.000478977,-0.000122405,-0.000581085,-0.000229506,-0.000406522,0.000856817,0.000258445,-0.00070407,-0.000421997,1.86182,0.000145294,0.000712239,0.000256008,-0.000372006,0.000283048,-0.000370361,0.000391423,7.09911e-05,0.000244216,0.000138218,0.000170328,0.000343128,-0.000612229,0.000567525,-0.000178453,-0.000343006,0.000379586,4.74204e-05,-0.00028904,2.58008e-06,0.000426726,-0.000699796,0.00018895,-0.00032308,7.74296e-06,0.000407987,-0.000203563,-0.000184358,0.000431346,-5.62397e-05,-0.0001539,4.78355e-05,-0.000463215,0.000703299,0.000172551,0.000135183,0.000170734,0.000343786,0.000514652,0.000152775,-4.70873e-05,0.000324296,-0.000247374,0.000344396,-9.26631e-05,-0.000153251,-0.000142019,0.000127628,0.000143046,-3.25189e-05,-0.000283727,0.000128008,-7.39426e-05,-0.00015707,-0.000311923,9.20447e-05,0.000136291,9.5555e-05,-0.000185054,-8.00101e-06,-9.55032e-05,2.36527e-05,-0.000151105,0.000377118,-0.000268935,0.000170946,-2.68473e-05,-0.000380395,-0.000162416,0.000118144,9.90867e-05,0.000363184,0.000549077,-0.000215106,0.000249367,0.000252819,-0.00058354,-0.000269586,0.000553617,-0.000212636,0.000367821,6.40034e-05,0.000349443),(0.000545182,0.00116907,0.0005609,-5.03447e-06,-0.00063142,0.000428889,0.00071556,-0.000311966,-0.000572785,-0.000691762,-0.000145308,0.000369333,0.000833774,-9.29876e-05,-0.000335714,2.91862e-05,0.000145294,1.8624,9.60353e-05,0.000504502,-3.17346e-05,0.000348354,-6.77619e-05,4.35638e-05,0.000273723,-2.0664e-06,-0.00039053,0.00054986,-0.000700087,-0.000268762,-0.00138584,-0.000225131,-0.000616074,-0.000256465,-0.000385129,0.000374175,0.000443163,-0.000741603,0.000493677,0.000973661,-0.000457097,-5.20128e-05,-0.000556796,0.000288242,-0.000780152,-4.50727e-05,3.92136e-05,-0.000283034,0.000341958,-0.000543424,0.00029555,-1.00659e-05,-0.000209071,5.99226e-05,-0.000553357,-0.000351825,-0.000107387,0.000267558,-0.000553785,0.000357749,-0.000373049,-0.000580613,0.000880011,0.000338829,2.98468e-05,0.000520696,-0.000323108,-0.000279682,0.000276112,0.000548041,4.86548e-05,0.00053394,0.00038,0.000388573,0.000266785,0.0001343,-0.000324499,0.000431005,0.000464355,0.000973712,0.000303275,0.000244427,-2.05496e-05,-0.000444882,6.52184e-05,-0.00013159,-0.000195928,0.000747667,-2.3722e-05,-0.000157735,1.87021e-05,0.000145306,0.000380586,0.000457067,-0.00054705,-0.000470198,0.000333785,0.000401239,-0.000229841,-0.00022765),(0.000181929,-0.000231831,-0.000203773,0.000338028,0.000257422,-3.56278e-05,-0.000315956,-0.000758293,0.000374848,-3.20419e-05,-0.00013898,0.000341517,-9.11282e-05,0.00016505,-0.000284056,-0.000270127,0.000712239,9.60353e-05,1.86176,0.000116773,7.14857e-05,-0.000171773,5.50092e-05,-0.000574347,0.000159071,-4.14715e-05,-0.000525449,0.000339226,0.000248698,0.000337365,0.000653019,-0.000390158,0.000187451,-8.0377e-05,0.000816229,0.000412377,0.000166845,-0.000797709,5.51925e-06,-7.57396e-05,-0.000744697,-0.000218776,0.000543316,-3.69932e-05,-5.49296e-05,0.000318902,-4.16972e-05,-0.000283147,0.000172355,0.000175632,-0.000151166,-9.52524e-05,0.00019895,-7.37301e-05,0.000382048,0.000485776,6.72288e-05,-0.000166434,0.000212947,-0.000657635,-0.00011944,-3.10249e-05,-0.000326883,-0.000367574,0.000283512,0.0010104,1.27738e-05,-0.000314656,0.000271838,7.49489e-05,7.75078e-06,0.000401276,-0.000398438,-0.000573902,0.000210642,-0.000541019,0.000438996,-0.000217938,0.000251385,-0.000150199,-0.000256894,-0.000648469,-0.00100359,-0.000496225,-1.11252e-05,0.000400284,-6.8331e-05,-0.000322218,6.87818e-05,0.000538682,0.000310879,0.000806976,0.000449183,-0.00021733,0.000873323,0.000190193,-3.03553e-05,0.000188623,0.000487313,-0.000437804),(0.000891029,-0.000427538,-0.00054475,0.000556292,7.13357e-06,0.000596477,0.000290718,0.000219089,5.36318e-05,-0.000782075,-0.000555294,-0.000477777,-0.000274696,0.000598209,-0.000302791,-0.000214709,0.000256008,0.000504502,0.000116773,1.86177,5.68852e-05,0.000238183,-0.000379144,-0.000514915,0.000480578,-0.000323397,0.000250202,0.000304274,-0.000599135,-0.000540234,-0.000432393,2.41053e-05,0.000256315,0.000732607,0.000758675,-0.000426259,0.000121948,0.000436921,0.000238449,0.00012662,-1.32817e-05,0.000120302,-4.13293e-05,-9.37019e-05,-0.000158071,-0.000694724,0.000845273,-1.83689e-05,0.000294214,0.000394994,0.000787705,-0.000198918,0.000332834,0.000259147,0.000232729,-0.000375875,2.77369e-05,0.000231353,7.10338e-05,-0.000385826,-0.000215792,-0.000525678,0.000592636,-0.000125139,-0.000413457,0.000719724,-0.000534272,1.04381e-05,0.000986768,0.000515326,0.000350612,0.000224217,9.42868e-05,-0.000358687,-0.000269963,0.000124108,-0.000840621,0.000297632,-0.000402258,6.13392e-05,-0.000148241,6.69136e-05,0.000207485,0.000116392,-0.000170471,-0.00017224,0.000321195,-0.000379162,0.000304487,-0.000581575,-0.000137169,-0.000742352,0.000155332,-0.000111619,-0.000282677,0.000168535,0.000562384,-0.000685547,-2.67063e-05,0.000603845),(0.000333408,-6.09789e-05,0.000547688,-0.000353137,3.07433e-05,0.00047688,-0.000811823,-0.00016474,0.000231764,-0.000271675,-7.77696e-05,0.000328004,9.44961e-05,-0.00043319,0.000115287,-4.84986e-05,-0.000372006,-3.17346e-05,7.14857e-05,5.68852e-05,1.86105,-0.000632266,-0.000361683,-0.000365644,-7.66746e-05,-0.000117996,5.85994e-05,-0.000173976,-0.000159413,0.000288485,-0.000366069,6.18796e-05,0.000509691,6.14488e-05,0.000381389,0.000488352,1.11655e-05,7.29812e-05,0.000250446,-0.000300765,-0.000429484,9.62063e-05,4.24667e-05,-0.000154366,0.000533682,0.000119476,0.000269496,0.000134801,0.000110811,-6.65651e-05,-0.000625677,0.000198879,0.000244541,0.00014439,-0.00013279,0.000113956,-3.42971e-05,0.000370615,-0.00010199,-0.000254174,-0.000178976,-0.000200306,0.000493919,-0.000287795,-5.64231e-05,0.00012194,-0.000306056,-5.08253e-05,0.00053144,-0.000296137,0.000120582,-0.000451408,-0.000624926,-8.63482e-05,-0.000335026,-0.00067163,0.0006154,-0.000356366,0.000112693,2.28424e-06,-0.000467544,-0.000486018,0.000215644,-0.00036143,0.000288286,-5.45732e-05,0.000305012,-0.000218456,0.000212354,-0.000168369,-0.000167161,0.000380742,-0.000309163,-0.000707725,0.000154972,0.000402929,-0.000213958,-0.000238139,-4.48614e-05,-0.000296866),(0.000346468,-0.000142675,-0.00010242,-0.000786754,0.000267884,0.000473199,0.00072478,0.000214093,-0.000234656,-2.72708e-06,-0.000363782,-0.000486986,0.00080192,0.000475601,0.0005204,-0.000339684,0.000283048,0.000348354,-0.000171773,0.000238183,-0.000632266,1.86299,0.000590925,0.00103829,5.29623e-05,-0.000767355,0.00058185,0.000612959,0.000415579,-0.000837819,-0.000647793,4.89925e-06,-0.00115355,8.22205e-05,-0.000712606,-0.00160206,-0.000219556,0.000434499,-4.0901e-05,0.000304692,0.000355498,-0.000730841,-0.000709779,0.000243808,-0.000501307,0.000584911,-0.000954827,-0.000242129,-0.000378098,-0.000393355,0.00140305,5.00374e-05,-0.000688429,0.000468133,0.000624883,-0.000614067,-0.000294318,0.000450136,-0.000765664,-2.55408e-05,-0.000623331,0.00093137,0.000235936,0.000604426,-2.6076e-05,-0.000886061,-0.000345834,-0.000456034,0.000924418,-0.000540881,0.000555895,-0.000559636,0.00035759,0.000576216,0.000309543,0.000412979,-0.000739899,-0.000142859,0.000521996,-3.6341e-05,0.000797261,0.000932183,0.000166993,0.00100733,0.000288132,0.000156087,-0.000568193,-0.000242368,0.000476959,0.000618844,-0.000627324,-0.000770293,0.000532863,-0.000201291,-0.000217171,-0.000155313,0.000142393,0.000178399,-0.0003528,0.000274587),(-7.47335e-05,1.30708e-05,-9.43926e-05,-5.87699e-05,-0.000636162,0.000922865,0.000605161,0.000166339,-0.000528443,0.0012294,0.00021097,0.000221051,-0.00132346,-0.000792344,-0.000206259,-6.27662e-05,-0.000370361,-6.77619e-05,5.50092e-05,-0.000379144,-0.000361683,0.000590925,1.86261,0.000124173,0.000496465,-0.00086982,0.000353877,5.13488e-06,8.74365e-06,0.000398973,-0.000829981,-2.51502e-05,-0.00136567,-0.00102078,-0.000407843,-0.000303607,-0.000567972,-0.000449338,0.000372098,-0.00137059,0.000337605,0.000385881,-0.000856754,-0.000309361,0.00039159,-0.000886034,-0.000599835,-0.000378922,0.000294211,3.3516e-07,-2.14466e-05,0.000318007,-2.16425e-06,-0.000415726,-2.46008e-05,-0.000647115,-0.000381253,-0.00031261,-0.000325243,5.61396e-05,-0.000232815,0.000986869,-0.00024624,0.000372496,3.60829e-05,-0.00014152,-0.000334673,-0.000602644,6.74808e-06,-0.000436692,0.00112589,-0.000717449,0.00019278,0.00057474,0.000608114,0.000492316,0.000289023,-0.000141408,0.00100775,-0.00128647,4.08196e-05,0.000423594,-0.000868958,-0.000237198,0.000447597,0.00068283,-0.000335207,-0.000412137,-0.00109651,0.000878268,0.000460991,-0.000175934,0.000140187,-0.000209567,-0.000733784,0.000569766,0.000290961,-0.000873407,0.000309316,-0.000547208),(-0.000216106,0.000655753,3.36917e-05,-0.000491977,0.00022764,0.000555758,0.000678305,-0.000207628,0.000341383,0.000497569,-0.000555746,-0.000117404,0.000217752,-0.000428637,6.30033e-05,-0.000446414,0.000391423,4.35638e-05,-0.000574347,-0.000514915,-0.000365644,0.00103829,0.000124173,1.86204,2.95736e-05,-0.000356703,0.000316395,-2.63142e-05,0.000535376,-0.0012111,2.5716e-05,-8.49843e-05,-0.00046563,0.000999688,-0.000795149,-0.00053638,3.30633e-05,0.000559185,-1.24194e-05,0.000318732,0.000185778,-0.000421005,-0.000637737,-9.74079e-05,0.000144217,0.000420052,-0.000791135,0.000381786,-0.00065369,-0.000640328,0.000190912,-0.000644511,-0.000440278,0.000559877,-3.75468e-05,-0.000142915,0.000328235,0.000259519,-0.000500624,0.000832308,-0.000310878,0.00020137,0.000229539,0.000545724,0.000472586,-0.000630159,0.000234218,0.000385141,-0.000277184,-0.000359894,-0.000124142,-0.00135226,0.000495196,6.39769e-05,-4.23053e-05,0.000908499,-4.50724e-06,1.94625e-05,-9.83338e-05,-0.000461895,0.000517091,0.000853924,0.000355986,0.000265092,9.66466e-05,-0.00010407,1.40521e-05,0.000484539,-0.000121146,0.000639263,-0.000721796,0.000131888,-0.000453888,0.000196042,-0.000662951,0.000335103,-0.000426925,-2.17224e-05,0.000146019,5.80609e-06),(0.000355771,0.000541139,6.75555e-05,-0.000195879,0.00028821,0.000289145,0.000944245,0.00018429,0.000227053,-5.32024e-06,-0.000694001,6.54651e-05,-0.000192519,-0.0001524,-0.000558463,-0.000103247,7.09911e-05,0.000273723,0.000159071,0.000480578,-7.66746e-05,5.29623e-05,0.000496465,2.95736e-05,1.86118,-0.000218291,4.338e-05,0.000539894,0.000407992,-0.000409484,-0.000160383,-9.82056e-05,-0.000477864,0.000200357,0.000214646,-0.000709701,-0.000108871,-0.000370738,0.000218318,-0.000394397,-0.000284781,0.000540586,-0.000604935,5.2614e-05,0.000275314,-7.44942e-05,-1.59311e-06,-0.000247581,2.96534e-05,1.49388e-05,0.000219226,-0.000480117,0.00025697,0.000166828,0.000153614,-0.000128482,-0.00024934,4.70486e-05,-0.000102126,0.000320401,-0.000133979,0.000265402,0.000403545,-6.13358e-05,9.91462e-05,0.000991747,0.000481949,-0.000212178,0.00061068,-4.99359e-05,0.000840254,0.000532036,0.000796876,-0.000268876,-0.000236199,0.000101929,-0.000511113,0.000453171,0.000150171,-0.000389275,2.39526e-05,0.000120406,2.11967e-05,-0.000682036,0.000153508,0.00077119,-7.72171e-05,0.000529026,-0.000265899,0.000178128,-0.000125272,7.66699e-05,0.000415935,0.000235361,-0.000760954,-6.55336e-05,0.000439477,-0.000129277,1.57849e-05,0.00012311),(-0.000182167,-0.000395196,-8.67885e-05,0.000309493,0.000257035,5.48219e-05,-0.000187141,0.00018748,-0.00019465,-0.000250333,0.000439551,-0.000537167,0.000417004,8.38949e-05,0.000175391,0.000238817,0.000244216,-2.0664e-06,-4.14715e-05,-0.000323397,-0.000117996,-0.000767355,-0.00086982,-0.000356703,-0.000218291,1.86155,-0.000423636,0.000592816,-0.000230284,-0.00013953,0.000470798,-1.56585e-05,0.00046443,2.68464e-05,0.000140338,0.000820865,0.000488108,-6.34372e-05,-0.000393895,0.000712766,-0.000106727,0.000321964,0.000969855,0.000310194,-0.000272836,0.00045775,0.000400067,0.000122846,-6.43657e-05,0.000266468,-0.000325546,0.000300058,0.000575415,-0.000108744,-0.00050048,0.000794157,0.000349851,-3.03806e-05,6.19141e-05,-0.000203416,0.000484531,-1.59743e-05,-0.000349376,0.000171752,-0.000306158,0.000834596,0.000146807,-0.000417046,-0.000753006,0.000501651,-0.000654711,0.000585746,0.000135653,0.000210081,-8.56671e-05,-0.000681364,0.000163717,6.44532e-05,-0.000465636,0.00053433,0.000779167,0.000285321,0.000405902,-5.26627e-05,-0.00130918,-0.000439812,-0.000151731,0.000372363,-0.000179017,-0.000585367,3.8501e-05,0.000292179,0.000162282,-2.53267e-06,0.000179833,0.000127372,0.000441779,0.000151458,0.000487874,0.000361863),(4.58164e-05,-0.00062146,-0.000262016,-0.000127953,-0.000350077,0.000727007,0.00055741,0.000554388,8.13532e-05,-0.000478479,-0.000195447,-0.000268769,-0.000142451,0.000103798,-0.000139957,-0.000210534,0.000138218,-0.00039053,-0.000525449,0.000250202,5.85994e-05,0.00058185,0.000353877,0.000316395,4.338e-05,-0.000423636,1.86186,-0.000137012,0.000226174,-3.60545e-05,-4.69506e-05,0.000334659,-0.000422105,-0.000144259,-0.000142114,-0.000573804,-0.000964306,0.000391379,-0.000346972,-0.000623644,0.000141898,0.00062436,-0.000674546,-0.000731131,0.000574468,9.07683e-05,-6.20163e-05,-0.000110154,0.000123646,0.000351483,1.53339e-05,0.000232546,0.000552854,-9.26363e-05,0.000227887,-0.000649799,-0.000309786,-7.05885e-05,-0.000152189,-0.000277351,-0.000247437,0.000344331,9.70241e-05,0.000415923,-0.000487799,-0.000169074,-0.000511062,-0.000317941,-2.13059e-05,-0.000994101,0.000838279,-0.00122579,1.2274e-05,-0.000219093,0.000851544,-0.000185095,-7.49599e-05,-0.000365752,-0.000491759,-0.00040874,0.000156731,0.000231326,0.000983793,-4.1251e-05,0.000209217,-0.000467838,0.000313826,-6.25322e-05,0.000761243,8.01946e-05,-0.000274387,8.33309e-06,-0.00105485,-0.000739567,0.000198011,0.000366174,-8.52884e-05,-0.000226461,-0.000251077,0.000597133),(0.000743998,-0.000197621,-0.000812079,-0.000144484,0.000210415,0.000117116,-0.000129359,-0.000407863,-0.000318372,-0.000179123,-0.000601431,-0.000333879,0.00047753,-0.000360424,-0.000300094,0.000247955,0.000170328,0.00054986,0.000339226,0.000304274,-0.000173976,0.000612959,5.13488e-06,-2.63142e-05,0.000539894,0.000592816,-0.000137012,1.86205,-0.000178765,-0.000343361,-0.000620275,0.000308842,-0.000222401,0.000148825,0.000459427,-1.28016e-06,0.000331705,-9.74632e-05,-0.000180828,0.0002207,-0.000656244,-4.14606e-05,-0.000183509,0.000748638,-0.000452731,0.00166524,0.000395236,-0.000524491,-0.000457679,0.000727357,0.000242672,0.000293818,0.0011488,0.00093512,0.000246265,0.000345295,-0.000464013,0.000402001,-0.000221089,4.50982e-05,0.000102165,0.000389992,0.00044778,4.36425e-05,-0.000386417,0.00130919,-0.000462014,-0.000630156,0.000152119,0.000760926,0.000273614,-0.000114769,0.000340018,-6.80883e-05,0.000182059,-0.000328881,1.15529e-05,0.00058223,0.000184068,-0.000270745,0.000194541,0.000336563,0.000229111,-0.000121138,-0.000535543,6.43424e-05,-0.000155777,0.000223446,0.000303731,-0.000295754,0.000291841,0.000123331,0.000873704,0.000562248,-0.000138081,-0.00021996,0.000938425,-0.000156243,0.000292826,-7.93914e-05),(-0.000578755,0.000101387,-0.000142532,-0.000224324,0.000687353,-0.000433879,0.000771584,-0.000118695,0.000499822,7.3483e-05,-0.000211584,-4.11342e-05,0.000394782,-9.14366e-06,0.000145315,-5.17509e-05,0.000343128,-0.000700087,0.000248698,-0.000599135,-0.000159413,0.000415579,8.74365e-06,0.000535376,0.000407992,-0.000230284,0.000226174,-0.000178765,1.86136,-4.88541e-05,0.000845061,0.000108063,-0.000427098,-1.14536e-05,-0.000159864,-0.000489162,-0.000303229,-0.000253003,-0.000265303,-0.000416304,-0.000336774,-0.00016269,-0.000106076,-8.52808e-05,4.75974e-05,0.000487081,-0.000779701,6.20538e-05,-0.000368024,0.000265762,-0.000222682,-0.000936239,-0.000318335,0.000470878,0.000335477,0.000338945,-0.000229667,-0.000288062,-0.000118702,-6.67792e-06,-5.68842e-05,0.000217186,-0.000171176,-3.28249e-05,0.00021258,0.000141086,0.000739232,0.000303393,0.000277817,-0.00074601,0.000198996,4.96201e-05,0.000431936,-0.000271547,3.12332e-05,-0.000184969,2.33679e-05,-0.000253634,0.000270989,-0.000307635,-0.000106295,-0.000126289,0.000253254,-0.000627472,0.00033987,0.000339947,-0.000145306,0.000140551,0.000172455,0.000543061,-0.000329464,0.000530588,-0.000458002,-0.000182076,1.3883e-05,0.000118368,-0.000597479,0.000843672,-2.77056e-05,1.75591e-05),(-0.000759007,-0.000592126,0.000157567,0.000319803,-0.000554281,-0.000341702,-0.000655737,2.05113e-05,-0.000298659,-0.000371059,0.000656378,0.000322674,-4.51099e-05,-0.000468235,-1.27158e-05,0.000418524,-0.000612229,-0.000268762,0.000337365,-0.000540234,0.000288485,-0.000837819,0.000398973,-0.0012111,-0.000409484,-0.00013953,-3.60545e-05,-0.000343361,-4.88541e-05,1.86178,-6.73033e-05,0.000452614,0.00012849,-0.000989931,0.000342217,5.62863e-05,-2.17667e-05,-0.000380012,-0.000103682,-0.000762346,-4.02007e-05,0.00044142,8.31186e-05,0.000547152,6.00937e-05,8.77301e-05,-1.64292e-05,-0.000110139,0.00030779,0.000440456,-0.0011249,-0.000265866,-1.9828e-06,-0.000266266,-2.89944e-05,-0.000106993,-0.000563982,-0.00105135,3.70484e-05,-0.000140452,-0.000285421,-0.000492452,-0.000162135,-0.00047475,-0.000304817,4.75721e-05,-0.000228584,0.000107605,-7.76807e-06,-0.000192797,8.92944e-05,0.000210487,2.02567e-05,8.92277e-05,0.000383049,-0.000300284,0.000318044,-0.000207003,0.00036526,0.000149841,-0.000486827,-0.000828085,-0.00038561,-0.000580202,0.000532551,-6.49205e-05,0.000292885,-0.000264445,2.03085e-05,-0.000260513,0.000757805,0.00014269,-0.000233216,0.000374443,0.000628697,-0.000336815,-0.000593367,0.000304702,0.000151036,-0.00068128),(-0.00122996,-0.000989353,-0.000409266,0.000372873,0.000661878,-0.00110101,8.242e-05,9.57938e-05,0.000697817,0.000884251,0.000391942,0.000294447,4.33315e-05,0.000372127,0.000641554,-0.00046011,0.000567525,-0.00138584,0.000653019,-0.000432393,-0.000366069,-0.000647793,-0.000829981,2.5716e-05,-0.000160383,0.000470798,-4.69506e-05,-0.000620275,0.000845061,-6.73033e-05,1.86339,8.03907e-05,0.000641147,0.000196691,-3.50384e-06,0.000193287,-0.000105285,-0.000363411,-0.000319878,-0.000204276,0.000179066,-0.000561713,0.000528898,-3.86729e-06,0.000750986,-0.000105824,-0.000463814,0.00046091,-8.72601e-05,0.000438092,-0.000954896,-0.000732489,-0.000690185,-0.00107733,-0.000324229,0.00056336,-0.000132016,-0.00106488,4.01383e-05,-0.000231181,0.000191649,0.000414717,-0.00102982,0.000257193,0.000366929,8.92989e-05,0.00128319,3.03148e-05,-0.000181115,0.00092507,-0.000349619,0.000739099,-0.000597997,-0.00039958,-0.000708947,-0.000333814,-0.000654608,1.1287e-05,-0.000660098,-0.000160856,1.88985e-05,-0.000342207,-5.93827e-05,0.000229275,-0.000798129,0.000706367,-9.53534e-06,0.000381898,-0.000520042,0.000130558,-0.000277174,0.000268246,-0.000275973,-0.00044043,0.000841774,0.000442397,-0.000194186,0.00044023,0.000397941,-7.84169e-05),(-0.000448715,-0.00128821,-0.000359963,-0.000123511,-0.000304437,-2.57699e-06,-0.000322548,0.000141017,-8.70687e-05,-0.000399166,2.18501e-05,8.03847e-05,0.00062453,-0.000751156,0.000284384,-2.42728e-05,-0.000178453,-0.000225131,-0.000390158,2.41053e-05,6.18796e-05,4.89925e-06,-2.51502e-05,-8.49843e-05,-9.82056e-05,-1.56585e-05,0.000334659,0.000308842,0.000108063,0.000452614,8.03907e-05,1.86104,7.88102e-05,0.000548713,-3.61689e-05,-0.000381747,0.000462702,0.000534245,-0.000301089,-0.000432233,-0.000155357,-0.000128479,-0.000418822,0.000466554,0.00019795,0.000915512,0.000557649,-0.00033884,-8.51212e-05,0.000383261,-0.000375166,-0.00062799,0.000141899,0.000629062,-0.000371865,0.000311627,-0.000428243,-0.0005644,-0.000270477,-1.96116e-05,-2.12571e-05,-0.000741817,0.000135289,-9.98374e-05,-0.000631274,-6.30987e-05,-3.20057e-05,0.000283503,2.87365e-05,0.000150883,-0.000308242,-9.97932e-05,0.000201018,0.000415753,-5.12789e-06,0.000267128,-0.000470102,0.000226174,-0.000131925,0.000190046,-0.000710604,-0.000273686,0.000269613,0.000106259,8.75955e-05,-0.000148912,0.00031247,-0.000316898,9.42285e-05,-0.000214514,0.000586037,-0.000431695,4.62166e-05,0.000255165,-0.000403228,-0.000115871,0.000202407,0.000166896,1.52238e-05,0.000558201),(0.000148936,-0.000302518,8.89989e-05,0.000156727,-0.00026746,3.46912e-06,-0.00154407,-0.000137395,0.000423329,-0.000306293,-1.76603e-05,0.000416255,-0.000377444,1.88413e-07,4.30487e-06,-0.0001263,-0.000343006,-0.000616074,0.000187451,0.000256315,0.000509691,-0.00115355,-0.00136567,-0.00046563,-0.000477864,0.00046443,-0.000422105,-0.000222401,-0.000427098,0.00012849,0.000641147,7.881