Begin
a<-5
t<-67
p1<-4+3
End
